    0.00000000000000E+00    0.00000000000000E+00    0.00000000000000E+00
    1.00000000000000E+00    0.00000000000000E+00    0.00000000000000E+00
    1.00000000000000E+00    1.00000000000000E+00    0.00000000000000E+00
    0.00000000000000E+00    1.00000000000000E+00    0.00000000000000E+00
    6.25000000000000E-02    0.00000000000000E+00    0.00000000000000E+00
    1.25000000000000E-01    0.00000000000000E+00    0.00000000000000E+00
    1.87500000000000E-01    0.00000000000000E+00    0.00000000000000E+00
    2.50000000000000E-01    0.00000000000000E+00    0.00000000000000E+00
    3.12500000000000E-01    0.00000000000000E+00    0.00000000000000E+00
    3.75000000000000E-01    0.00000000000000E+00    0.00000000000000E+00
    4.37500000000000E-01    0.00000000000000E+00    0.00000000000000E+00
    5.00000000000000E-01    0.00000000000000E+00    0.00000000000000E+00
    5.62500000000000E-01    0.00000000000000E+00    0.00000000000000E+00
    6.25000000000000E-01    0.00000000000000E+00    0.00000000000000E+00
    6.87500000000000E-01    0.00000000000000E+00    0.00000000000000E+00
    7.50000000000000E-01    0.00000000000000E+00    0.00000000000000E+00
    8.12500000000000E-01    0.00000000000000E+00    0.00000000000000E+00
    8.75000000000000E-01    0.00000000000000E+00    0.00000000000000E+00
    9.37500000000000E-01    0.00000000000000E+00    0.00000000000000E+00
    1.00000000000000E+00    6.25000000000000E-02    0.00000000000000E+00
    1.00000000000000E+00    1.25000000000000E-01    0.00000000000000E+00
    1.00000000000000E+00    1.87500000000000E-01    0.00000000000000E+00
    1.00000000000000E+00    2.50000000000000E-01    0.00000000000000E+00
    1.00000000000000E+00    3.12500000000000E-01    0.00000000000000E+00
    1.00000000000000E+00    3.75000000000000E-01    0.00000000000000E+00
    1.00000000000000E+00    4.37500000000000E-01    0.00000000000000E+00
    1.00000000000000E+00    5.00000000000000E-01    0.00000000000000E+00
    1.00000000000000E+00    5.62500000000000E-01    0.00000000000000E+00
    1.00000000000000E+00    6.25000000000000E-01    0.00000000000000E+00
    1.00000000000000E+00    6.87500000000000E-01    0.00000000000000E+00
    1.00000000000000E+00    7.50000000000000E-01    0.00000000000000E+00
    1.00000000000000E+00    8.12500000000000E-01    0.00000000000000E+00
    1.00000000000000E+00    8.75000000000000E-01    0.00000000000000E+00
    1.00000000000000E+00    9.37500000000000E-01    0.00000000000000E+00
    9.37500000000000E-01    1.00000000000000E+00    0.00000000000000E+00
    8.75000000000000E-01    1.00000000000000E+00    0.00000000000000E+00
    8.12500000000000E-01    1.00000000000000E+00    0.00000000000000E+00
    7.50000000000000E-01    1.00000000000000E+00    0.00000000000000E+00
    6.87500000000000E-01    1.00000000000000E+00    0.00000000000000E+00
    6.25000000000000E-01    1.00000000000000E+00    0.00000000000000E+00
    5.62500000000000E-01    1.00000000000000E+00    0.00000000000000E+00
    5.00000000000000E-01    1.00000000000000E+00    0.00000000000000E+00
    4.37500000000000E-01    1.00000000000000E+00    0.00000000000000E+00
    3.75000000000000E-01    1.00000000000000E+00    0.00000000000000E+00
    3.12500000000000E-01    1.00000000000000E+00    0.00000000000000E+00
    2.50000000000000E-01    1.00000000000000E+00    0.00000000000000E+00
    1.87500000000000E-01    1.00000000000000E+00    0.00000000000000E+00
    1.25000000000000E-01    1.00000000000000E+00    0.00000000000000E+00
    6.25000000000000E-02    1.00000000000000E+00    0.00000000000000E+00
    0.00000000000000E+00    9.37500000000000E-01    0.00000000000000E+00
    0.00000000000000E+00    8.75000000000000E-01    0.00000000000000E+00
    0.00000000000000E+00    8.12500000000000E-01    0.00000000000000E+00
    0.00000000000000E+00    7.50000000000000E-01    0.00000000000000E+00
    0.00000000000000E+00    6.87500000000000E-01    0.00000000000000E+00
    0.00000000000000E+00    6.25000000000000E-01    0.00000000000000E+00
    0.00000000000000E+00    5.62500000000000E-01    0.00000000000000E+00
    0.00000000000000E+00    5.00000000000000E-01    0.00000000000000E+00
    0.00000000000000E+00    4.37500000000000E-01    0.00000000000000E+00
    0.00000000000000E+00    3.75000000000000E-01    0.00000000000000E+00
    0.00000000000000E+00    3.12500000000000E-01    0.00000000000000E+00
    0.00000000000000E+00    2.50000000000000E-01    0.00000000000000E+00
    0.00000000000000E+00    1.87500000000000E-01    0.00000000000000E+00
    0.00000000000000E+00    1.25000000000000E-01    0.00000000000000E+00
    0.00000000000000E+00    6.25000000000000E-02    0.00000000000000E+00
    4.90518000000000E-01    9.47699000000000E-01    1.63269813070441E-01
    6.01740000000000E-02    4.48365000000000E-01    1.85299801563970E-01
    5.48668000000000E-01    5.46670000000000E-02    1.68751116625847E-01
    9.45516000000000E-01    5.01578000000000E-01    1.70319244733094E-01
    5.82140000000000E-02    6.49038000000000E-01    1.62009377976421E-01
    6.48775000000000E-01    9.42219000000000E-01    1.61249493408496E-01
    3.52679000000000E-01    5.97360000000000E-02    1.66994120123686E-01
    9.31590000000000E-01    3.38097000000000E-01    1.86243095553496E-01
    3.06687000000000E-01    9.45862000000000E-01    1.38897164522928E-01
    9.47089000000000E-01    6.97250000000000E-01    1.34552009575706E-01
    5.90660000000000E-02    2.70593000000000E-01    1.38360984415582E-01
    7.28014000000000E-01    5.28950000000000E-02    1.24225426749215E-01
    2.32664000000000E-01    4.95370000000000E-02    1.03088189346530E-01
    9.45303000000000E-01    2.28165000000000E-01    1.12593111942048E-01
    5.77960000000000E-02    7.64199000000000E-01    1.21793669562813E-01
    7.62481000000000E-01    9.44454000000000E-01    1.17768644367353E-01
    9.47182000000000E-01    8.20567000000000E-01    8.82432190785024E-02
    1.81921000000000E-01    9.45502000000000E-01    9.21432719206134E-02
    8.37963000000000E-01    7.18930000000000E-02    1.08676381568208E-01
    7.43740000000000E-02    1.58591000000000E-01    1.09788375996730E-01
    5.78430000000000E-02    8.82775000000000E-01    6.50775697938392E-02
    8.83268000000000E-01    9.43048000000000E-01    6.37855969470383E-02
    1.16822000000000E-01    4.99090000000000E-02    5.64495926765754E-02
    9.48225000000000E-01    1.15513000000000E-01    5.74913245567164E-02
    5.33076000000000E-01    9.48455000000000E-01    1.59624135232245E-01
    4.92570000000000E-01    8.96542000000000E-01    3.19022214514975E-01
    4.30144000000000E-01    8.92991000000000E-01    3.21748564966415E-01
    5.01640000000000E-01    8.42453000000000E-01    4.74655905937122E-01
    4.34648000000000E-01    8.39258000000000E-01    4.73391498840663E-01
    4.39508000000000E-01    7.83894000000000E-01    6.16328511975921E-01
    5.07470000000000E-01    7.83721000000000E-01    6.28246768595529E-01
    4.38197000000000E-01    7.25878000000000E-01    7.44060510494187E-01
    5.05526000000000E-01    7.21962000000000E-01    7.65187152991656E-01
    4.99491000000000E-01    6.48702000000000E-01    8.93530707200192E-01
    4.24756000000000E-01    6.65736000000000E-01    8.42296846127271E-01
    4.55157000000000E-01    5.87373000000000E-01    9.51237211350796E-01
    5.40952000000000E-01    5.89578000000000E-01    9.50965014530306E-01
    4.99268000000000E-01    5.47291000000000E-01    9.87817861474824E-01
    5.76936000000000E-01    5.36431000000000E-01    9.63069049090090E-01
    5.36436000000000E-01    4.96607000000000E-01    9.91723061268414E-01
    4.60891000000000E-01    5.03809000000000E-01    9.90832967390254E-01
    4.95389000000000E-01    4.53267000000000E-01    9.87207918016766E-01
    4.19138000000000E-01    4.73075000000000E-01    9.62226604274507E-01
    5.70796000000000E-01    4.43338000000000E-01    9.58134066158945E-01
    4.44021000000000E-01    4.05549000000000E-01    9.41289896926528E-01
    3.75813000000000E-01    4.06089000000000E-01    8.82623572371871E-01
    3.68552000000000E-01    4.60851000000000E-01    9.07371248849067E-01
    4.27802000000000E-01    3.50831000000000E-01    8.65056015427621E-01
    3.79946000000000E-01    3.50415000000000E-01    8.27893645596097E-01
    5.84837000000000E-01    6.24049000000000E-01    8.91827789770881E-01
    4.95673000000000E-01    3.51955000000000E-01    8.91653022131154E-01
    6.19866000000000E-01    5.70827000000000E-01    9.05792613810139E-01
    6.65513000000000E-01    6.04788000000000E-01    8.20606447595971E-01
    7.00258000000000E-01    5.48662000000000E-01    7.97915112948812E-01
    3.73261000000000E-01    7.83315000000000E-01    5.79695398749305E-01
    3.82932000000000E-01    2.96677000000000E-01    7.46987309608102E-01
    3.15374000000000E-01    3.50089000000000E-01    7.44046989057502E-01
    7.10120000000000E-01    6.42604000000000E-01    7.11706993504225E-01
    6.72495000000000E-01    6.95867000000000E-01    6.99306204380740E-01
    3.14728000000000E-01    2.96384000000000E-01    6.69027497404912E-01
    2.50117000000000E-01    3.49949000000000E-01    6.29222229099094E-01
    7.48036000000000E-01    6.85055000000000E-01    5.94374921143302E-01
    7.13819000000000E-01    7.35671000000000E-01    5.77591077364424E-01
    7.57050000000000E-01    5.84291000000000E-01    6.67699609141436E-01
    7.28736000000000E-01    4.95385000000000E-01    7.52174698955703E-01
    4.00931000000000E-01    6.08413000000000E-01    8.96461016776118E-01
    5.72622000000000E-01    7.82831000000000E-01    6.13623746616704E-01
    3.84639000000000E-01    2.44297000000000E-01    6.48082591379631E-01
    4.33599000000000E-01    2.48727000000000E-01    6.86381476665098E-01
    7.74180000000000E-01    5.16609000000000E-01    6.49547768440466E-01
    7.46983000000000E-01    4.57576000000000E-01    7.06098956050547E-01
    7.85613000000000E-01    7.27495000000000E-01    4.71593280351327E-01
    7.84095000000000E-01    4.61806000000000E-01    6.22479647981222E-01
    7.81213000000000E-01    3.90859000000000E-01    5.98223476798182E-01
    7.22764000000000E-01    4.20595000000000E-01    7.39815582740279E-01
    6.74518000000000E-01    3.62865000000000E-01    7.75625331396303E-01
    7.33927000000000E-01    3.25554000000000E-01    6.32407835272908E-01
    6.48608000000000E-01    2.90548000000000E-01    7.05711298809219E-01
    7.00063000000000E-01    2.65938000000000E-01    5.99780283897301E-01
    7.54540000000000E-01    2.41538000000000E-01    4.78891727205228E-01
    6.18524000000000E-01    2.34464000000000E-01    6.25157177122417E-01
    2.47197000000000E-01    2.95971000000000E-01    5.60921694679525E-01
    2.46457000000000E-01    2.42499000000000E-01    4.81875571496534E-01
    1.85073000000000E-01    3.48247000000000E-01    4.87205850685746E-01
    1.86771000000000E-01    4.02501000000000E-01    5.27190112766099E-01
    7.52651000000000E-01    7.77414000000000E-01    4.51610238016246E-01
    8.04806000000000E-01    6.74552000000000E-01    4.90304514110766E-01
    1.81830000000000E-01    2.38969000000000E-01    3.68273065057198E-01
    3.93128000000000E-01    1.83286000000000E-01    5.13583974339288E-01
    4.57288000000000E-01    2.16837000000000E-01    6.22962735736026E-01
    6.70532000000000E-01    2.07049000000000E-01    5.20450378833946E-01
    8.10145000000000E-01    7.71783000000000E-01    3.68392781450968E-01
    8.19073000000000E-01    3.36475000000000E-01    4.68303452093737E-01
    4.48412000000000E-01    1.37217000000000E-01    4.12212244744158E-01
    2.49649000000000E-01    1.88777000000000E-01    3.93971429474157E-01
    3.69736000000000E-01    8.37956000000000E-01    4.46806195067581E-01
    3.09333000000000E-01    7.83189000000000E-01    5.19496548353726E-01
    6.79120000000000E-01    7.82682000000000E-01    5.33021312765575E-01
    3.16169000000000E-01    1.90195000000000E-01    4.71078162546557E-01
    3.60586000000000E-01    6.71871000000000E-01    7.76019511923561E-01
    3.40860000000000E-01    6.16815000000000E-01    8.18227424496399E-01
    8.06093000000000E-01    5.75601000000000E-01    5.54970117450835E-01
    2.97773000000000E-01    6.74145000000000E-01    6.86558632077587E-01
    2.79066000000000E-01    6.19822000000000E-01    7.13967798136913E-01
    2.35370000000000E-01    6.74835000000000E-01    5.73922634126849E-01
    2.17073000000000E-01    6.21210000000000E-01    5.84475866088322E-01
    2.61631000000000E-01    5.65941000000000E-01    7.15993062598478E-01
    2.00144000000000E-01    5.67468000000000E-01    5.74544608318782E-01
    1.74425000000000E-01    6.74062000000000E-01    4.44055840187241E-01
    1.81133000000000E-01    7.26308000000000E-01    4.07699155952789E-01
    3.06111000000000E-01    8.37487000000000E-01    4.00446141119295E-01
    6.24575000000000E-01    3.56093000000000E-01    8.28770933291033E-01
    4.99409000000000E-01    2.57889000000000E-01    7.23657338765242E-01
    5.48450000000000E-01    9.10522000000000E-01    2.73841247201295E-01
    5.85225000000000E-01    1.80985000000000E-01    5.19046831419073E-01
    6.39917000000000E-01    1.51335000000000E-01    4.13791963564296E-01
    7.17267000000000E-01    8.25876000000000E-01    4.02815450688954E-01
    1.18174000000000E-01    7.19039000000000E-01    2.79969322657850E-01
    1.81206000000000E-01    7.80141000000000E-01    3.43049720939580E-01
    2.52720000000000E-01    5.12081000000000E-01    7.11786176824656E-01
    1.90734000000000E-01    5.12589000000000E-01    5.63100385911083E-01
    1.38106000000000E-01    5.71862000000000E-01    4.09215268179407E-01
    3.77773000000000E-01    5.57119000000000E-01    9.10620890934568E-01
    5.80143000000000E-01    7.12781000000000E-01    7.60662684741925E-01
    6.37481000000000E-01    8.19266000000000E-01    4.87884867719684E-01
    3.13026000000000E-01    5.11352000000000E-01    8.30542951542897E-01
    1.85639000000000E-01    1.86057000000000E-01    3.03658832257698E-01
    1.20769000000000E-01    3.41793000000000E-01    3.25059186919793E-01
    5.43765000000000E-01    1.21809000000000E-01    3.70543716518992E-01
    3.54575000000000E-01    1.32941000000000E-01    3.63321494380694E-01
    7.04427000000000E-01    1.15952000000000E-01    2.84996307642256E-01
    2.64307000000000E-01    1.20797000000000E-01    2.75087107911925E-01
    1.21998000000000E-01    2.29215000000000E-01    2.46034352565147E-01
    1.22029000000000E-01    3.97547000000000E-01    3.54391991954769E-01
    1.15653000000000E-01    6.66286000000000E-01    3.07926571937787E-01
    1.18100000000000E-01    7.74108000000000E-01    2.36079007148117E-01
    1.79452000000000E-01    8.35189000000000E-01    2.64333521776679E-01
    1.17538000000000E-01    8.30750000000000E-01    1.82936517069272E-01
    4.05140000000000E-01    1.00641000000000E-01    2.96270770804858E-01
    6.17082000000000E-01    1.00271000000000E-01    2.89357140268925E-01
    4.84741000000000E-01    1.06802000000000E-01    3.28212166347274E-01
    3.27254000000000E-01    1.04333000000000E-01    2.74907486911443E-01
    5.94350000000000E-02    3.28973000000000E-01    1.59216175167967E-01
    4.63892000000000E-01    5.93380000000000E-02    1.85063893085692E-01
    2.90799000000000E-01    5.44260000000000E-02    1.34553172464173E-01
    3.04735000000000E-01    8.91704000000000E-01    2.72666223003397E-01
    6.20830000000000E-02    5.11252000000000E-01    1.93498311158647E-01
    4.31698000000000E-01    9.46586000000000E-01    1.63055868868977E-01
    1.23396000000000E-01    4.54320000000000E-01    3.73791268660650E-01
    9.49523000000000E-01    4.41900000000000E-01    1.55001669506289E-01
    8.90565000000000E-01    4.93624000000000E-01    3.36844426966500E-01
    8.99990000000000E-01    4.34236000000000E-01    3.02093610978422E-01
    8.75355000000000E-01    5.70090000000000E-01    3.72480348407950E-01
    2.51295000000000E-01    4.57913000000000E-01    7.02814672054484E-01
    9.42952000000000E-01    5.67000000000000E-01    1.74171776513281E-01
    8.89822000000000E-01    6.44838000000000E-01    3.04323146848916E-01
    2.44761000000000E-01    9.45771000000000E-01    1.17832510974545E-01
    2.42420000000000E-01    8.91347000000000E-01    2.30866254238925E-01
    6.16314000000000E-01    7.82414000000000E-01    5.88828106752360E-01
    9.44392000000000E-01    6.33172000000000E-01    1.58767993400749E-01
    8.94901000000000E-01    7.06648000000000E-01    2.57989311045864E-01
    8.96020000000000E-01    7.66205000000000E-01    2.14956525274930E-01
    9.47614000000000E-01    7.58774000000000E-01    1.12524132810481E-01
    8.94170000000000E-01    8.25356000000000E-01    1.70210782092156E-01
    8.89562000000000E-01    8.84359000000000E-01    1.20777151091083E-01
    8.41847000000000E-01    8.24634000000000E-01    2.49426304288992E-01
    8.32071000000000E-01    8.83017000000000E-01    1.80572077568390E-01
    7.67641000000000E-01    8.79192000000000E-01    2.47228174693080E-01
    7.13215000000000E-01    9.02673000000000E-01    2.35629086837959E-01
    6.24490000000000E-02    2.11407000000000E-01    1.19828124145635E-01
    7.86990000000000E-01    5.81970000000000E-02    1.12533210599803E-01
    8.17771000000000E-01    1.09996000000000E-01    1.82835864620704E-01
    8.88636000000000E-01    1.07502000000000E-01    1.14134832388492E-01
    8.39753000000000E-01    1.44821000000000E-01    2.10983897458794E-01
    7.88108000000000E-01    1.66111000000000E-01    3.07439786396559E-01
    8.11827000000000E-01    2.21222000000000E-01    3.55749554543878E-01
    8.31402000000000E-01    2.72902000000000E-01    3.81479053097356E-01
    9.07770000000000E-01    1.60915000000000E-01    1.37597494334924E-01
    7.29386000000000E-01    1.84083000000000E-01    4.10525432170051E-01
    6.38107000000000E-01    7.45477000000000E-01    6.49639650310979E-01
    7.76718000000000E-01    1.12710000000000E-01    2.23289551432953E-01
    6.61524000000000E-01    8.61870000000000E-02    2.33943545855554E-01
    1.84064000000000E-01    1.37380000000000E-01    2.28815061291883E-01
    1.40112000000000E-01    1.42771000000000E-01    1.84049105729055E-01
    1.76083000000000E-01    9.32690000000000E-02    1.51857573932926E-01
    6.54046000000000E-01    5.16080000000000E-01    8.82670862706388E-01
    1.56250000000000E-01    6.21114000000000E-01    4.37755856593896E-01
    6.04423000000000E-01    3.17657000000000E-01    7.94387026124066E-01
    6.43652000000000E-01    4.27859000000000E-01    8.74534292905177E-01
    9.41155000000000E-01    2.85859000000000E-01    1.43979448834987E-01
    8.79655000000000E-01    3.18683000000000E-01    3.10242730802278E-01
    3.14088000000000E-01    4.04636000000000E-01    7.95647195123834E-01
    6.51740000000000E-02    5.89347000000000E-01    1.95578888539525E-01
    3.70746000000000E-01    7.27525000000000E-01    6.93134481129744E-01
    4.65414000000000E-01    2.97258000000000E-01    7.99468206146905E-01
    6.02831000000000E-01    3.93356000000000E-01    8.94166247886635E-01
    4.23500000000000E-01    5.38885000000000E-01    9.62214270534739E-01
    6.86067000000000E-01    4.63968000000000E-01    8.27572765669918E-01
    9.50711000000000E-01    4.01188000000000E-01    1.45796735451213E-01
    2.45368000000000E-01    7.82346000000000E-01    4.39620158102471E-01
    5.56416000000000E-01    6.61253000000000E-01    8.57750204650729E-01
    3.23286000000000E-01    5.63183000000000E-01    8.31979911774344E-01
    9.14115000000000E-01    3.85080000000000E-01    2.48689769613558E-01
    2.43449000000000E-01    7.28212000000000E-01    5.21229773803908E-01
    1.83093000000000E-01    2.92452000000000E-01    4.31732726390004E-01
    3.16167000000000E-01    2.42634000000000E-01    5.77837388637765E-01
    4.02832000000000E-01    5.08001000000000E-01    9.50675597506064E-01
    7.84726000000000E-01    6.42571000000000E-01    5.63743473625530E-01
    3.05979000000000E-01    7.28374000000000E-01    6.17061941126495E-01
    3.66657000000000E-01    5.09451000000000E-01    9.11453163511971E-01
    5.97012000000000E-01    9.30004000000000E-01    2.08116911162051E-01
    6.27805000000000E-01    6.58308000000000E-01    8.07964968103697E-01
    6.11296000000000E-01    4.81349000000000E-01    9.36088470632096E-01
    2.50829000000000E-01    4.03739000000000E-01    6.75740472178636E-01
    5.31392000000000E-01    4.00259000000000E-01    9.45232746308352E-01
    3.11721000000000E-01    4.58477000000000E-01    8.21683394029564E-01
    1.87672000000000E-01    4.56917000000000E-01    5.50353249022916E-01
    5.67321000000000E-01    3.53519000000000E-01    8.74355391443614E-01
    3.68088000000000E-01    8.92089000000000E-01    3.04198339807248E-01
    5.76394000000000E-01    8.50462000000000E-01    4.40218220122566E-01
    5.34118000000000E-01    3.06567000000000E-01    8.15099293038455E-01
    3.70112000000000E-01    9.46074000000000E-01    1.54641856030523E-01
    5.73951000000000E-01    2.68277000000000E-01    7.25548649737064E-01
    1.18048000000000E-01    8.87573000000000E-01    1.25356246106388E-01
    5.38370000000000E-01    2.18972000000000E-01    6.29899686935018E-01
    6.14048000000000E-01    8.87804000000000E-01    3.22535730416277E-01
    2.43151000000000E-01    8.36692000000000E-01    3.39231530201558E-01
    1.80158000000000E-01    8.90046000000000E-01    1.81508124621505E-01
    8.47830000000000E-01    4.16853000000000E-01    4.44158880599491E-01
    1.20875000000000E-01    9.43870000000000E-01    6.50442245355443E-02
    9.44899000000000E-01    8.80557000000000E-01    6.31340875670472E-02
    5.57610000000000E-02    9.27320000000000E-02    5.10377448677799E-02
    9.04684000000000E-01    5.73640000000000E-02    5.37625459398496E-02
    8.44750000000000E-01    7.16100000000000E-01    3.64245503082453E-01
    8.20921000000000E-01    5.35186000000000E-01    5.29525263175346E-01
    1.15761000000000E-01    6.28003000000000E-01    3.26769391009007E-01
    1.30585000000000E-01    1.77667000000000E-01    2.10368245865235E-01
    8.24319000000000E-01    6.11266000000000E-01    4.92551380521193E-01
    6.66574000000000E-01    8.76660000000000E-01    3.28700252322249E-01
    1.27617000000000E-01    5.13592000000000E-01    3.89739128731961E-01
    8.78925000000000E-01    2.03110000000000E-01    2.22289184479167E-01
    1.20910000000000E-01    2.83813000000000E-01    2.87987991467700E-01
    5.81470000000000E-02    8.22687000000000E-01    9.60121504553837E-02
    8.22338000000000E-01    9.42464000000000E-01    9.52030404202243E-02
    9.47700000000000E-01    1.72200000000000E-01    8.41267784996873E-02
    6.01800000000000E-02    3.87763000000000E-01    1.76140551380494E-01
    5.82710000000000E-02    7.05024000000000E-01    1.45449956599906E-01
    7.03344000000000E-01    9.44970000000000E-01    1.38322209089999E-01
    7.93856000000000E-01    8.09955000000000E-01    3.39482991158512E-01
    9.41561000000000E-01    9.40425000000000E-01    3.39752821896082E-02
    6.01650000000000E-02    9.41155000000000E-01    3.45578238206885E-02
    9.45412000000000E-01    5.84350000000000E-02    3.15997120409425E-02
    5.83450000000000E-02    5.34330000000000E-02    3.12225141515761E-02
    8.83347000000000E-01    2.70627000000000E-01    2.68880740568728E-01
    8.43122000000000E-01    3.08865000000000E-01    3.89408165819850E-01
    7.83902000000000E-01    2.94880000000000E-01    5.01426451196015E-01
    8.35288000000000E-01    4.76962000000000E-01    4.93533966564887E-01
    6.14119000000000E-01    5.06140000000000E-02    1.48509833153210E-01
    4.20144000000000E-01    3.73490000000000E-02    1.13140056088153E-01
    2.20898000000000E-01    8.53700000000000E-02    1.68131243342905E-01
    1.76876000000000E-01    4.80640000000000E-02    7.93558658515045E-02
    8.39307000000000E-01    6.61651000000000E-01    4.22718460426255E-01
    8.46256000000000E-01    7.69386000000000E-01    3.07835821132617E-01
    8.64693000000000E-01    3.65027000000000E-01    3.75463728805385E-01
    1.10929000000000E-01    1.07662000000000E-01    1.15159201573525E-01
    6.72525000000000E-01    4.92240000000000E-02    1.32204763946168E-01
    4.94990000000000E-01    1.75714000000000E-01    5.23900509450738E-01
    3.15596000000000E-01    1.52025000000000E-01    3.83105530158541E-01
