20 26        !Vertices e elementos
0.000000 0.000000   !Coordenadas dos vétices
1.000000 0.000000
1.000000 1.000000
0.000000 1.000000
0.333333 0.000000
0.666667 0.000000
1.000000 0.333333
1.000000 0.666667
0.666667 1.000000
0.333333 1.000000
0.000000 0.666667
0.000000 0.333333
0.711325 0.500000
0.288675 0.500000
0.500000 0.752560
0.500000 0.247440
0.242320 0.757680
0.757680 0.242320
0.242320 0.242320
0.757680 0.757680
3          !Nós por elemento e Incidencia nodal
13 14 16
3
14 13 15
3
7 8 13
3
11 12 14
3
5 6 16
3
9 10 15
3
10 4 17
3
6 2 18
3
2 7 18
3
4 11 17
3
12 1 19
3
8 3 20
3
1 5 19
3
3 9 20
3
14 12 19
3
13 8 20
3
7 13 18
3
11 14 17
3
16 14 19
3
15 13 20
3
14 15 17
3
13 16 18
3
16 6 18
3
15 10 17
3
5 16 19
3
9 15 20     
12       !Quantidade de nós de contorno   
1 2 3 4 5 6 7 8 9 10 11 12  !Vértices de contorno 