75 120         !Vertices e elementos
0.000000 0.000000    !Coordenadas dos vétices
1.000000 0.000000
1.000000 1.000000
0.000000 1.000000
0.142857 0.000000
0.285714 0.000000
0.428571 0.000000
0.571429 0.000000
0.714286 0.000000
0.857143 0.000000
1.000000 0.142857
1.000000 0.285714
1.000000 0.428571
1.000000 0.571429
1.000000 0.714286
1.000000 0.857143
0.857143 1.000000
0.714286 1.000000
0.571429 1.000000
0.428571 1.000000
0.285714 1.000000
0.142857 1.000000
0.000000 0.857143
0.000000 0.714286
0.000000 0.571429
0.000000 0.428571
0.000000 0.285714
0.000000 0.142857
0.135888 0.505066
0.873430 0.501948
0.486420 0.138370
0.500000 0.876282
0.785714 0.876282
0.219811 0.879472
0.120528 0.219811
0.780189 0.120528
0.358064 0.876814
0.428725 0.752653
0.571429 0.752564
0.502201 0.630117
0.357535 0.629073
0.429004 0.505378
0.574043 0.506638
0.506139 0.384955
0.642857 0.381410
0.361944 0.367736
0.721858 0.505668
0.785714 0.381410
0.796364 0.631742
0.575820 0.258848
0.653042 0.632694
0.286880 0.753237
0.217428 0.631321
0.132056 0.767677
0.122608 0.354394
0.247436 0.285714
0.232773 0.131441
0.358012 0.216026
0.640405 0.127530
0.713859 0.251311
0.868340 0.234917
0.646450 0.875554
0.288933 0.506677
0.720954 0.756248
0.872724 0.768653
0.903195 0.358017
0.095696 0.642857
0.357732 0.096447
0.231799 0.401488
0.911614 0.642857
0.104579 0.895421
0.895421 0.895421
0.104579 0.104579
0.895421 0.104579
0.459965 0.275153
3          !Nós por elemento e Incidencia nodal
23 24 54
3
5 6 57
3
11 12 61
3
62 39 64
3
53 29 63
3
23 54 71
3
5 57 73
3
11 61 74
3
46 56 58
3
47 30 49
3
30 47 48
3
40 43 51
3
39 51 64
3
48 60 61
3
48 45 60
3
50 31 59
3
39 40 51
3
43 47 51
3
46 58 75
3
33 62 64
3
64 49 65
3
45 50 60
3
50 59 60
3
15 16 65
3
58 31 75
3
63 29 69
3
47 49 51
3
31 50 75
3
31 58 68
3
29 53 67
3
52 34 54
3
41 38 52
3
38 37 52
3
20 21 37
3
26 27 55
3
41 52 53
3
32 20 37
3
32 37 38
3
29 26 55
3
8 9 59
3
21 34 37
3
37 34 52
3
31 8 59
3
53 52 54
3
27 35 55
3
59 36 60
3
32 38 39
3
21 22 34
3
55 35 56
3
60 36 61
3
56 35 57
3
9 36 59
3
56 57 58
3
13 14 30
3
27 28 35
3
9 10 36
3
19 20 32
3
25 26 29
3
7 8 31
3
39 38 40
3
47 45 48
3
43 45 47
3
40 38 41
3
40 42 43
3
40 41 42
3
43 42 44
3
43 44 45
3
45 44 50
3
44 42 46
3
41 53 63
3
32 39 62
3
19 32 62
3
42 41 63
3
18 19 62
3
17 18 33
3
46 42 63
3
33 18 62
3
65 49 70
3
51 49 64
3
30 48 66
3
49 30 70
3
33 64 65
3
7 31 68
3
25 29 67
3
13 30 66
3
29 55 69
3
30 14 70
3
54 34 71
3
4 23 71
3
1 5 73
3
28 1 73
3
2 11 74
3
10 2 74
3
22 4 71
3
57 35 73
3
3 17 72
3
61 36 74
3
16 3 72
3
44 46 75
3
65 16 72
3
48 61 66
3
61 12 66
3
54 24 67
3
57 6 68
3
56 46 69
3
46 63 69
3
12 13 66
3
15 65 70
3
24 25 67
3
6 7 68
3
53 54 67
3
58 57 68
3
55 56 69
3
33 65 72
3
14 15 70
3
34 22 71
3
35 28 73
3
36 10 74
3
17 33 72
3
50 44 75 
28       !Quantidade de nós de contorno
1 2 3 4 5 6 7 8 9 10 11 12 13 14 15 16 17 18 19 20 21 22 23 24 25 26 27 28  !Vértices de contorno    