30 21   !Vertices e elementos   
0.000000 0.000000   !Coordenadas
1.000000 0.000000
1.000000 1.000000
0.000000 1.000000
0.250000 0.000000
0.500000 0.000000
0.750000 0.000000
1.000000 0.250000
1.000000 0.500000
1.000000 0.750000
0.750000 1.000000
0.500000 1.000000
0.250000 1.000000
0.000000 0.750000
0.000000 0.500000
0.000000 0.250000
0.364093 0.786769
0.205964 0.378896
0.570326 0.248155
0.807859 0.610743
0.194823 0.624883
0.392632 0.550512
0.366279 0.298214
0.568295 0.775737
0.807556 0.396970
0.641881 0.515699
0.195994 0.791360
0.784024 0.774655
0.142952 0.227444
0.784698 0.232232
23 19 26 22         !Incidencia nodal
17 22 26 24
23 22 21 18
14 15 18 21
13 17 24 12
5 6 19 23
16 1 5 29
11 28 10 3
7 2 8 30
4 14 21 27
12 24 28 11
9 25 30 8
4 27 17 13
9 10 28 20
15 16 29 18
6 7 30 19
22 17 27 21
5 23 18 29
26 20 28 24
26 19 30 25
9 20 26 25
12     !Quantidade de nós do contorno 
1 2 3 4 5 6 7 8 9 10 11 12 13 14 15 16   !Nós de contorno  