81 128   !Vertices e elementos  
0.000000 0.000000
1.000000 0.000000
1.000000 1.000000
0.000000 1.000000
0.125000 0.000000
0.250000 0.000000
0.375000 0.000000
0.500000 0.000000
0.625000 0.000000
0.750000 0.000000
0.875000 0.000000
1.000000 0.125000
1.000000 0.250000
1.000000 0.375000
1.000000 0.500000
1.000000 0.625000
1.000000 0.750000
1.000000 0.875000
0.875000 1.000000
0.750000 1.000000
0.625000 1.000000
0.500000 1.000000
0.375000 1.000000
0.250000 1.000000
0.125000 1.000000
0.000000 0.875000
0.000000 0.750000
0.000000 0.625000
0.000000 0.500000
0.000000 0.375000
0.000000 0.250000
0.000000 0.125000
0.125000 0.125000
0.125000 0.250000
0.125000 0.375000
0.125000 0.500000
0.125000 0.625000
0.125000 0.750000
0.125000 0.875000
0.250000 0.125000
0.250000 0.250000
0.250000 0.375000
0.250000 0.500000
0.250000 0.625000
0.250000 0.750000
0.250000 0.875000
0.375000 0.125000
0.375000 0.250000
0.375000 0.375000
0.375000 0.500000
0.375000 0.625000
0.375000 0.750000
0.375000 0.875000
0.500000 0.125000
0.500000 0.250000
0.500000 0.375000
0.500000 0.500000
0.500000 0.625000
0.500000 0.750000
0.500000 0.875000
0.625000 0.125000
0.625000 0.250000
0.625000 0.375000
0.625000 0.500000
0.625000 0.625000
0.625000 0.750000
0.625000 0.875000
0.750000 0.125000
0.750000 0.250000
0.750000 0.375000
0.750000 0.500000
0.750000 0.625000
0.750000 0.750000
0.750000 0.875000
0.875000 0.125000
0.875000 0.250000
0.875000 0.375000
0.875000 0.500000
0.875000 0.625000
0.875000 0.750000
0.875000 0.875000
1 5 32
32 5 33
32 33 31
31 33 34
31 34 30
30 34 35
30 35 29
29 35 36
29 36 28
28 36 37
28 37 27
27 37 38
27 38 26
26 38 39
26 39 4
4 39 25
5 6 33
33 6 40
33 40 34
34 40 41
34 41 35
35 41 42
35 42 36
36 42 43
36 43 37
37 43 44
37 44 38
38 44 45
38 45 39
39 45 46
39 46 25
25 46 24
6 7 40
40 7 47
40 47 41
41 47 48
41 48 42
42 48 49
42 49 43
43 49 50
43 50 44
44 50 51
44 51 45
45 51 52
45 52 46
46 52 53
46 53 24
24 53 23
7 8 47
47 8 54
47 54 48
48 54 55
48 55 49
49 55 56
49 56 50
50 56 57
50 57 51
51 57 58
51 58 52
52 58 59
52 59 53
53 59 60
53 60 23
23 60 22
8 9 54
54 9 61
54 61 55
55 61 62
55 62 56
56 62 63
56 63 57
57 63 64
57 64 58
58 64 65
58 65 59
59 65 66
59 66 60
60 66 67
60 67 22
22 67 21
9 10 61
61 10 68
61 68 62
62 68 69
62 69 63
63 69 70
63 70 64
64 70 71
64 71 65
65 71 72
65 72 66
66 72 73
66 73 67
67 73 74
67 74 21
21 74 20
10 11 68
68 11 75
68 75 69
69 75 76
69 76 70
70 76 77
70 77 71
71 77 78
71 78 72
72 78 79
72 79 73
73 79 80
73 80 74
74 80 81
74 81 20
20 81 19
11 2 75
75 2 12
75 12 76
76 12 13
76 13 77
77 13 14
77 14 78
78 14 15
78 15 79
79 15 16
79 16 80
80 16 17
80 17 81
81 17 18
81 18 19
19 18 3
32     !Quantidade de nós do contorno 
1 2 3 4 5 6 7 8 9 10 11 12 13 14 15 16 17 18 19 20 21 22 23 24 25 26 27 28 29 30 31 32  !Nós de contorno  