81 64   !Vertices e elementos   
0.000000 0.000000
1.000000 0.000000
1.000000 1.000000
0.000000 1.000000
0.125000 0.000000
0.250000 0.000000
0.375000 0.000000
0.500000 0.000000
0.625000 0.000000
0.750000 0.000000
0.875000 0.000000
1.000000 0.125000
1.000000 0.250000
1.000000 0.375000
1.000000 0.500000
1.000000 0.625000
1.000000 0.750000
1.000000 0.875000
0.875000 1.000000
0.750000 1.000000
0.625000 1.000000
0.500000 1.000000
0.375000 1.000000
0.250000 1.000000
0.125000 1.000000
0.000000 0.875000
0.000000 0.750000
0.000000 0.625000
0.000000 0.500000
0.000000 0.375000
0.000000 0.250000
0.000000 0.125000
0.125000 0.125000
0.125000 0.250000
0.125000 0.375000
0.125000 0.500000
0.125000 0.625000
0.125000 0.750000
0.125000 0.875000
0.250000 0.125000
0.250000 0.250000
0.250000 0.375000
0.250000 0.500000
0.250000 0.625000
0.250000 0.750000
0.250000 0.875000
0.375000 0.125000
0.375000 0.250000
0.375000 0.375000
0.375000 0.500000
0.375000 0.625000
0.375000 0.750000
0.375000 0.875000
0.500000 0.125000
0.500000 0.250000
0.500000 0.375000
0.500000 0.500000
0.500000 0.625000
0.500000 0.750000
0.500000 0.875000
0.625000 0.125000
0.625000 0.250000
0.625000 0.375000
0.625000 0.500000
0.625000 0.625000
0.625000 0.750000
0.625000 0.875000
0.750000 0.125000
0.750000 0.250000
0.750000 0.375000
0.750000 0.500000
0.750000 0.625000
0.750000 0.750000
0.750000 0.875000
0.875000 0.125000
0.875000 0.250000
0.875000 0.375000
0.875000 0.500000
0.875000 0.625000
0.875000 0.750000
0.875000 0.875000
1 5 33 32
32 33 34 31
31 34 35 30
30 35 36 29
29 36 37 28
28 37 38 27
27 38 39 26
26 39 25 4
5 6 40 33
33 40 41 34
34 41 42 35
35 42 43 36
36 43 44 37
37 44 45 38
38 45 46 39
39 46 24 25
6 7 47 40
40 47 48 41
41 48 49 42
42 49 50 43
43 50 51 44
44 51 52 45
45 52 53 46
46 53 23 24
7 8 54 47
47 54 55 48
48 55 56 49
49 56 57 50
50 57 58 51
51 58 59 52
52 59 60 53
53 60 22 23
8 9 61 54
54 61 62 55
55 62 63 56
56 63 64 57
57 64 65 58
58 65 66 59
59 66 67 60
60 67 21 22
9 10 68 61
61 68 69 62
62 69 70 63
63 70 71 64
64 71 72 65
65 72 73 66
66 73 74 67
67 74 20 21
10 11 75 68
68 75 76 69
69 76 77 70
70 77 78 71
71 78 79 72
72 79 80 73
73 80 81 74
74 81 19 20
11 2 12 75
75 12 13 76
76 13 14 77
77 14 15 78
78 15 16 79
79 16 17 80
80 17 18 81
81 18 3 19
32     !Quantidade de nós do contorno 
1 2 3 4 5 6 7 8 9 10 11 12 13 14 15 16 17 18 19 20 21 22 23 24 25 26 27 28 29 30 31 32