75 120  !Vertices e elementos     
0.000000 0.000000  !Coordenadas dos elementos 
1.000000 0.000000
1.000000 1.000000
0.000000 1.000000
0.142857 0.000000
0.285714 0.000000
0.428571 0.000000
0.571429 0.000000
0.714286 0.000000
0.857143 0.000000
1.000000 0.142857
1.000000 0.285714
1.000000 0.428571
1.000000 0.571429
1.000000 0.714286
1.000000 0.857143
0.857143 1.000000
0.714286 1.000000
0.571429 1.000000
0.428571 1.000000
0.285714 1.000000
0.142857 1.000000
0.000000 0.857143
0.000000 0.714286
0.000000 0.571429
0.000000 0.428571
0.000000 0.285714
0.000000 0.142857
0.135888 0.505066
0.873430 0.501948
0.486420 0.138370
0.500000 0.876282
0.785714 0.876282
0.219811 0.879472
0.120528 0.219811
0.780189 0.120528
0.358064 0.876814
0.428725 0.752653
0.571429 0.752564
0.502201 0.630117
0.357535 0.629073
0.429004 0.505378
0.574043 0.506638
0.506139 0.384955
0.642857 0.381410
0.361944 0.367736
0.721858 0.505668
0.785714 0.381410
0.796364 0.631742
0.575820 0.258848
0.653042 0.632694
0.286880 0.753237
0.217428 0.631321
0.132056 0.767677
0.122608 0.354394
0.247436 0.285714
0.232773 0.131441
0.358012 0.216026
0.640405 0.127530
0.713859 0.251311
0.868340 0.234917
0.646450 0.875554
0.288933 0.506677
0.720954 0.756248
0.872724 0.768653
0.903195 0.358017
0.095696 0.642857
0.357732 0.096447
0.231799 0.401488
0.911614 0.642857
0.104579 0.895421
0.895421 0.895421
0.104579 0.104579
0.895421 0.104579
0.459965 0.275153
23 24 54   !Incidência nodal
5 6 57
11 12 61
62 39 64
53 29 63
23 54 71
5 57 73
11 61 74
46 56 58
47 30 49
30 47 48
40 43 51
39 51 64
48 60 61
48 45 60
50 31 59
39 40 51
43 47 51
46 58 75
33 62 64
64 49 65
45 50 60
50 59 60
15 16 65
58 31 75
63 29 69
47 49 51
31 50 75
31 58 68
29 53 67
52 34 54
41 38 52
38 37 52
20 21 37
26 27 55
41 52 53
32 20 37
32 37 38
29 26 55
8 9 59
21 34 37
37 34 52
31 8 59
53 52 54
27 35 55
59 36 60
32 38 39
21 22 34
55 35 56
60 36 61
56 35 57
9 36 59
56 57 58
13 14 30
27 28 35
9 10 36
19 20 32
25 26 29
7 8 31
39 38 40
47 45 48
43 45 47
40 38 41
40 42 43
40 41 42
43 42 44
43 44 45
45 44 50
44 42 46
41 53 63
32 39 62
19 32 62
42 41 63
18 19 62
17 18 33
46 42 63
33 18 62
65 49 70
51 49 64
30 48 66
49 30 70
33 64 65
7 31 68
25 29 67
13 30 66
29 55 69
30 14 70
54 34 71
4 23 71
1 5 73
28 1 73
2 11 74
10 2 74
22 4 71
57 35 73
3 17 72
61 36 74
16 3 72
44 46 75
65 16 72
48 61 66
61 12 66
54 24 67
57 6 68
56 46 69
46 63 69
12 13 66
15 65 70
24 25 67
6 7 68
53 54 67
58 57 68
55 56 69
33 65 72
14 15 70
34 22 71
35 28 73
36 10 74
17 33 72
50 44 75
28      !Quantidade de nós do contorno
1 2 3 4 5 6 7 8 9 10 11 12 13 14 15 16 17 18 19 20 21 22 23 24 25 26 27 28   !Nós de contorno  